7141273
1083171
2064511
2115958
2155845
2439757
2869329
3331611
3453016
3610911
3683013
3771638
3826491
3853142
4162086
4221208
4315946
5628586
5769489
6476256
7241214
7866825
8228548
8531388
8634895
8984661
9083017
9686839
9924822
1289837
1636097
2204178
2404011
2775889
3294217
3309190
3330145
3373272
3777317
4125237
4174528
4994796
5090722
5346581
6151620
6165992
6540244
7070537
7236906
7380121
8135883
8249854
8265285
8455835
8586613
8974379
9102755
9137426
9414611
9830444
2314627
2347304
3027365
5065851
5258273
5722995
6086112
1012700
1834910
2384024
2784505
3175772
3265760
3354768
5105310
5462460
5713531
5999122
8059372
9166102
9583316
9852631
9905727
9912532
9920465
9980369
1352918
1649042
2665540
2990557
3234107
3549114
3905284
4845757
5039885
5903827
6510345
6752959
6842048
6952057
6963318
7232434
7855007
8307051
8818655
9725800
6237506
